46553
46554
46555
46556
46557
46558
46559
46560
46561
46562
46563
46564
46565
46566
46567
46568
46569
46570
46571
46572
46573
46574
46575
46576
46577
46578
46579
46581
46582
46583
34773
34774
34610
40209
40254
40304
44724
45608
45613
45618
20204
48215
48216
48217
48218
48219
48220
48221
48222
48223
48307
48224
48225
48226
48227
48228
48229
48230
48231
48232
48233
48234
48235
48236
48237
49307
49308
49309
49311
49312
49313
49315
49615
49616
49617
49618
49619
49620
49621
49622
49623
49624
49625
49626
49627
49628
49629
49630
49631
49632
49633
49634
49635
49636
49637
51201
51202
51203
51204
51205
51206
51207
51208
51209
51210
51211
51212
51213
51214
51283
51284
51285
51286
51287
51288
51289
51290
51291
51292
51293
51294
51295